1
10
40
4
1
1 2 99 51 58 70
1 3 77 79 82 99
1 4 97 54 70 93
1 5 66 65 50 75
1 6 78 67 98 63
1 7 70 71 52 76
1 10 67 98 82 58
2 3 98 98 92 62
2 4 91 90 75 88
2 6 86 71 54 71
2 7 76 64 89 86
2 9 73 80 85 67
2 10 96 63 80 99
3 4 66 82 58 51
3 5 95 51 53 72
3 7 72 83 93 94
3 8 64 63 54 69
3 9 83 86 53 56
3 10 55 99 64 88
4 5 93 84 90 82
4 6 96 86 51 85
4 7 57 50 63 72
4 8 61 51 86 62
4 9 50 54 91 74
4 10 77 97 72 90
5 6 71 78 63 68
5 7 90 65 86 58
5 8 66 71 76 60
5 9 78 73 70 77
5 10 64 83 84 59
6 7 88 57 57 86
6 8 89 81 68 88
6 9 99 91 50 62
6 10 64 90 52 85
7 8 94 51 59 88
7 9 92 54 90 98
7 10 64 51 88 71
8 9 94 95 76 77
8 10 70 93 61 66
9 10 67 53 83 79